-6.283185307179586232e+00 1.376020460614604535e-01
-6.124117324719343891e+00 3.089481231897324598e+00
-5.965049342259100662e+00 7.541362219949922618e+00
-5.805981359798858321e+00 7.453817643517420599e+00
-5.646913377338615092e+00 9.294031316577710200e+00
-5.487845394878372751e+00 1.074241398722963936e+01
-5.328777412418130410e+00 9.428760625111012317e+00
-5.169709429957887181e+00 8.740168065592724744e+00
-5.010641447497644840e+00 6.064397311689297076e+00
-4.851573465037401611e+00 2.878389287917778816e+00
-4.692505482577159270e+00 -1.084807060309513238e+00
-4.533437500116916041e+00 -3.705579008376467254e+00
-4.374369517656673700e+00 -6.780069084847216487e+00
-4.215301535196431360e+00 -8.104675786091865675e+00
-4.056233552736188130e+00 -1.042324581337155465e+01
-3.897165570275945790e+00 -1.007640354251720538e+01
-3.738097587815703005e+00 -9.774948418513403681e+00
-3.579029605355460220e+00 -8.428863808757819598e+00
-3.419961622895217435e+00 -5.302764434691592754e+00
-3.260893640434975094e+00 -1.954842084144765124e+00
-3.101825657974732309e+00 1.380955582917025470e+00
-2.942757675514489524e+00 3.462448833456629682e+00
-2.783689693054246739e+00 7.458284448652729992e+00
-2.624621710594003954e+00 8.076461719446852427e+00
-2.465553728133761169e+00 1.060692771549147828e+01
-2.306485745673518828e+00 9.804642189321128853e+00
-2.147417763213275599e+00 9.117909278779466220e+00
-1.988349780753033258e+00 6.636694238294664316e+00
-1.829281798292790917e+00 6.230299018178474313e+00
-1.670213815832547688e+00 3.810777888723785090e+00
-1.511145833372305347e+00 -7.685595870711282585e-01
-1.352077850912062118e+00 -3.949008112887464783e+00
-1.193009868451819777e+00 -6.678703374505309931e+00
-1.033941885991577436e+00 -1.014960696954635111e+01
-8.748739035313342072e-01 -1.038758543202377638e+01
-7.158059210710918663e-01 -9.747652450495374765e+00
-5.567379386108486372e-01 -9.609245558239576823e+00
-3.976699561506062963e-01 -7.574138125786929798e+00
-2.386019736903639554e-01 -4.646239599919498531e+00
-7.953399123012072636e-02 -7.994454735983385074e-01
7.953399123012161454e-02 1.506957910696762326e+00
2.386019736903648436e-01 4.988990150434733373e+00
3.976699561506071845e-01 7.784712440470381800e+00
5.567379386108495254e-01 9.425746998520629916e+00
7.158059210710927545e-01 9.355975302055348664e+00
8.748739035313350954e-01 9.807404996925635388e+00
1.033941885991578324e+00 8.193388788600380224e+00
1.193009868451820665e+00 6.217251485064967831e+00
1.352077850912063894e+00 3.896582809673549086e+00
1.511145833372306235e+00 1.870625832138025135e+00
1.670213815832548576e+00 -2.612040533040807411e+00
1.829281798292791805e+00 -4.469231068668665152e+00
1.988349780753035034e+00 -7.894655769710277049e+00
2.147417763213276487e+00 -8.279681017998473891e+00
2.306485745673519716e+00 -1.134816888502811594e+01
2.465553728133762945e+00 -9.413850446186479815e+00
2.624621710594004398e+00 -8.960184408624687791e+00
2.783689693054247627e+00 -5.431370646587559747e+00
2.942757675514490856e+00 -3.185649876562137273e+00
3.101825657974732309e+00 -5.509141724421161568e-01
3.260893640434975538e+00 8.248939194600375391e-01
3.419961622895218767e+00 5.230249305621700096e+00
3.579029605355461996e+00 7.665452727921608478e+00
3.738097587815703449e+00 8.196861991592097496e+00
3.897165570275946678e+00 1.039263161822091242e+01
4.056233552736189907e+00 1.079051429534149875e+01
4.215301535196431360e+00 9.682065863852233889e+00
4.374369517656674589e+00 5.357344931285195955e+00
4.533437500116917818e+00 4.472583435991102085e+00
4.692505482577161047e+00 1.020472061286743282e+00
4.851573465037402499e+00 -3.255804002470645830e+00
5.010641447497645729e+00 -5.096628629207673455e+00
5.169709429957888958e+00 -7.231169027262879467e+00
5.328777412418130410e+00 -8.791131226998698978e+00
5.487845394878373639e+00 -9.111725739371154376e+00
5.646913377338616868e+00 -9.399030775277394056e+00
5.805981359798858321e+00 -7.280329336149140573e+00
5.965049342259101550e+00 -5.392573030946631540e+00
6.124117324719344779e+00 -3.350668209730556235e+00
6.283185307179586232e+00 -2.141951777122009723e-02
