-6.283185307179586232e+00 2.187681084824017219e+01
-6.124117324719343891e+00 2.071392166513886224e+01
-5.965049342259100662e+00 2.139025875802567356e+01
-5.805981359798858321e+00 1.814881149669171023e+01
-5.646913377338615092e+00 1.767933204810300296e+01
-5.487845394878372751e+00 1.780261422857286391e+01
-5.328777412418130410e+00 1.619256198343849817e+01
-5.169709429957887181e+00 1.617968026607473675e+01
-5.010641447497644840e+00 1.500011688617223626e+01
-4.851573465037401611e+00 1.389939412373504801e+01
-4.692505482577159270e+00 1.232256194266809857e+01
-4.533437500116916041e+00 1.207355725099494670e+01
-4.374369517656673700e+00 1.104456601026032914e+01
-4.215301535196431360e+00 1.116280179152559526e+01
-4.056233552736188130e+00 9.471051758380239605e+00
-3.897165570275945790e+00 9.499760566374243709e+00
-3.738097587815703005e+00 8.506572446477251859e+00
-3.579029605355460220e+00 7.650489336186686806e+00
-3.419961622895217435e+00 7.829500100872638590e+00
-3.260893640434975094e+00 7.725315968298913205e+00
-3.101825657974732309e+00 7.397115119435066610e+00
-2.942757675514489524e+00 5.919648455349933336e+00
-2.783689693054246739e+00 6.770491109557189802e+00
-2.624621710594003954e+00 4.927564475510933129e+00
-2.465553728133761169e+00 5.884642164458111502e+00
-2.306485745673518828e+00 4.513958931594417301e+00
-2.147417763213275599e+00 4.282772690121079862e+00
-1.988349780753033258e+00 3.199779046618806966e+00
-1.829281798292790917e+00 4.960943080793900783e+00
-1.670213815832547688e+00 5.230311012243230806e+00
-1.511145833372305347e+00 3.563403195807164359e+00
-1.352077850912062118e+00 3.201240608661319875e+00
-1.193009868451819777e+00 2.889990849470542855e+00
-1.033941885991577436e+00 1.174662850481895671e+00
-8.748739035313342072e-01 1.835425421300507898e+00
-7.158059210710918663e-01 2.411831272549858962e+00
-5.567379386108486372e-01 1.518121614096868299e+00
-3.976699561506062963e-01 1.645948562192973252e+00
-2.386019736903639554e-01 1.975198743234747756e+00
-7.953399123012072636e-02 2.787697598354295536e+00
7.953399123012161454e-02 1.926140494505103939e+00
2.386019736903648436e-01 2.424482709129409663e+00
3.976699561506071845e-01 2.722767146515292058e+00
5.567379386108495254e-01 2.608336958472835310e+00
7.158059210710927545e-01 1.708869695650545362e+00
8.748739035313350954e-01 2.349798490681506369e+00
1.033941885991578324e+00 1.938154792179959784e+00
1.193009868451820665e+00 2.071829807312557836e+00
1.352077850912063894e+00 2.574448603051779472e+00
1.511145833372306235e+00 3.822224778978230653e+00
1.670213815832548576e+00 2.758040534037685898e+00
1.829281798292791805e+00 4.146396766281233326e+00
1.988349780753035034e+00 3.495794272586242535e+00
2.147417763213276487e+00 5.166858620423829151e+00
2.306485745673519716e+00 3.262390867693724328e+00
2.465553728133762945e+00 5.387390291161171518e+00
2.624621710594004398e+00 5.077351959032623263e+00
2.783689693054247627e+00 7.005350999724415217e+00
2.942757675514490856e+00 7.016973238343979347e+00
3.101825657974732309e+00 7.054248703510222818e+00
3.260893640434975538e+00 5.778163201245616776e+00
3.419961622895218767e+00 7.794122272133540363e+00
3.579029605355461996e+00 8.395552498987949974e+00
3.738097587815703449e+00 7.888714702635017950e+00
3.897165570275946678e+00 1.000436699147370412e+01
4.056233552736189907e+00 1.134924735793256012e+01
4.215301535196431360e+00 1.218335531886416412e+01
4.374369517656674589e+00 1.066781851318154928e+01
4.533437500116917818e+00 1.324550274408604267e+01
4.692505482577161047e+00 1.363271076232587475e+01
4.851573465037402499e+00 1.326095624836712616e+01
5.010641447497645729e+00 1.507417951169069958e+01
5.169709429957888958e+00 1.605521436245064137e+01
5.328777412418130410e+00 1.684093612577147780e+01
5.487845394878373639e+00 1.794452109737338574e+01
5.646913377338616868e+00 1.810329918436312013e+01
5.805981359798858321e+00 1.973409636100837261e+01
5.965049342259101550e+00 2.034034408656333426e+01
6.124117324719344779e+00 2.052970436395550990e+01
6.283185307179586232e+00 2.171778928440750178e+01
