-6.283185307179586232e+00 -1.157036122188750937e+01
-6.124117324719343891e+00 -1.134877815012330338e+01
-5.965049342259100662e+00 -9.313271425414939131e+00
-5.805981359798858321e+00 -1.122085167797133565e+01
-5.646913377338615092e+00 -1.038176674082643736e+01
-5.487845394878372751e+00 -8.975222797666948082e+00
-5.328777412418130410e+00 -9.327315903155659171e+00
-5.169709429957887181e+00 -8.107541103917730752e+00
-5.010641447497644840e+00 -8.079750590262522181e+00
-4.851573465037401611e+00 -7.998422082185966175e+00
-4.692505482577159270e+00 -8.418505615783150375e+00
-4.533437500116916041e+00 -7.536064283030500910e+00
-4.374369517656673700e+00 -7.458912122383296150e+00
-4.215301535196431360e+00 -6.259835562780178719e+00
-4.056233552736188130e+00 -6.896047440631648762e+00
-3.897165570275945790e+00 -5.837103100387739829e+00
-3.738097587815703005e+00 -5.825358311078795204e+00
-3.579029605355460220e+00 -5.701811135207393910e+00
-3.419961622895217435e+00 -4.568472707403449462e+00
-3.260893640434975094e+00 -3.743631799903156310e+00
-3.101825657974732309e+00 -3.168110231736954052e+00
-2.942757675514489524e+00 -3.767157101836010380e+00
-2.783689693054246739e+00 -2.063197276686649317e+00
-2.624621710594003954e+00 -3.078309362834774632e+00
-2.465553728133761169e+00 -1.318719749033435695e+00
-2.306485745673518828e+00 -1.912193680086944125e+00
-2.147417763213275599e+00 -1.391473242794063259e+00
-1.988349780753033258e+00 -1.747862830574093751e+00
-1.829281798292790917e+00 7.146026362792703424e-01
-1.670213815832547688e+00 1.659969377362901621e+00
-1.511145833372305347e+00 6.437577475171613051e-01
-1.352077850912062118e+00 9.069887239176743776e-01
-1.193009868451819777e+00 1.195829905229279344e+00
-1.033941885991577436e+00 5.529022369904224021e-02
-8.748739035313342072e-01 1.265538488932095307e+00
-7.158059210710918663e-01 2.366127411551912196e+00
-5.567379386108486372e-01 1.971298201425418117e+00
-3.976699561506062963e-01 2.572702974804045084e+00
-2.386019736903639554e-01 3.350228358084369251e+00
-7.953399123012072636e-02 4.585699792398497010e+00
7.953399123012161454e-02 4.121812644699911488e+00
2.386019736903648436e-01 4.992522192430852712e+00
3.976699561506071845e-01 5.637871339879397148e+00
5.567379386108495254e-01 5.845203238855630090e+00
7.158059210710927545e-01 5.242195440008059926e+00
8.748739035313350954e-01 6.154281075969765702e+00
1.033941885991578324e+00 5.988491595354994423e+00
1.193009868451820665e+00 6.342718205330394987e+00
1.352077850912063894e+00 7.040585972868446341e+00
1.511145833372306235e+00 8.458308497549756666e+00
1.670213815832548576e+00 7.538767978320095153e+00
1.829281798292791805e+00 9.046465313230555694e+00
1.988349780753035034e+00 8.489901299158507442e+00
2.147417763213276487e+00 1.022970150357506469e+01
2.306485745673519716e+00 8.368666984379958151e+00
2.465553728133762945e+00 1.051179701833843083e+01
2.624621710594004398e+00 1.019458667365693572e+01
2.783689693054247627e+00 1.209011107875180890e+01
2.942757675514490856e+00 1.204395605873048325e+01
3.101825657974732309e+00 1.199815164221186414e+01
3.260893640434975538e+00 1.061368363521842184e+01
3.419961622895218767e+00 1.249595757833353815e+01
3.579029605355461996e+00 1.293840005437116680e+01
3.738097587815703449e+00 1.224727188415748458e+01
3.897165570275946678e+00 1.415333117609144686e+01
4.056233552736189907e+00 1.526331592260160797e+01
4.215301535196431360e+00 1.583722564054054693e+01
4.374369517656674589e+00 1.403618796882129161e+01
4.533437500116917818e+00 1.630306871064517082e+01
4.692505482577161047e+00 1.635417061676042039e+01
4.851573465037402499e+00 1.562100736763311915e+01
5.010641447497645729e+00 1.704751927274416445e+01
5.169709429957888958e+00 1.761654014224760445e+01
5.328777412418130410e+00 1.796494530126797429e+01
5.487845394878373639e+00 1.860591104552543484e+01
5.646913377338616868e+00 1.827676728212675172e+01
5.805981359798858321e+00 1.939433998533961656e+01
5.965049342259101550e+00 1.946206061441821689e+01
6.124117324719344779e+00 1.908759117229005753e+01
6.283185307179586232e+00 1.968654375017775138e+01
